R1 1 0 0
k1 1 0 1
B1 1 0 2
QN 1 0 3
KG 1 0 4
B2 1 0 5
k2 1 0 6
R2 1 0 7
P1 1 1 0
77 3 1 1
P3 1 1 2
P4 1 1 3
P5 1 1 4
P6 1 1 5
P7 1 1 6
P8 1 1 7
77 3 2 0
P2 1 2 1
77 3 2 2
77 3 2 3
77 3 2 4
77 3 2 5
77 3 2 6
77 3 2 7
77 3 3 0
77 3 3 1
77 3 3 2
77 3 3 3
77 3 3 4
77 3 3 5
77 3 3 6
77 3 3 7
77 3 4 0
77 3 4 1
77 3 4 2
77 3 4 3
77 3 4 4
77 3 4 5
77 3 4 6
77 3 4 7
77 3 5 0
77 3 5 1
77 3 5 2
77 3 5 3
77 3 5 4
P6 2 5 5
77 3 5 6
77 3 5 7
P1 2 6 0
P2 2 6 1
P3 2 6 2
P4 2 6 3
P5 2 6 4
77 3 6 5
P7 2 6 6
P8 2 6 7
R1 2 7 0
k1 2 7 1
B1 2 7 2
QN 2 7 3
KG 2 7 4
B2 2 7 5
k2 2 7 6
R2 2 7 7
00 0 0 0
